                  precision    recall  f1-score   support

          1.bird       0.00      0.00      0.00         3
10.youareperfect       0.50      0.67      0.57         3
      11.monsoon       0.50      0.33      0.40         3
    12.afternoon       0.00      0.00      0.00         3
        13.angry       0.00      0.00      0.00         3
          14.bad       0.00      0.00      0.00         2
          15.boy       0.00      0.00      0.00         3
          16.eat       0.25      0.50      0.33         2
       17.friend       0.00      0.00      0.00         3
     18.drinking       1.00      1.00      1.00         2
         19.girl       0.40      0.67      0.50         3
         2.black       0.00      0.00      0.00         2
      20.brother       0.33      1.00      0.50         2
         21.good       0.00      0.00      0.00         3
       22.father       0.00      0.00      0.00         3
      23.evening       0.00      0.00      0.00         2
         24.help       0.00      0.00      0.00         3
       25.mother       0.00      0.00      0.00         3
         26.NAME       0.00      0.00      0.00         2
        27.Night       1.00      0.50      0.67         2
        28.Music       0.67      0.67      0.67         3
         29.nose       0.00      0.00      0.00         3
           3.cat       0.60      1.00      0.75         3
        30.sleep       0.00      0.00      0.00         2
          31.sit       0.50      0.33      0.40         3
        32.sorry       0.00      0.00      0.00         2
        33.stand       0.17      0.50      0.25         2
         34.stop       0.00      0.00      0.00         3
      35.student       0.75      1.00      0.86         3
        36.study       0.00      0.00      0.00         3
      37.teacher       0.00      0.00      0.00         3
     38.thankyou       0.25      0.33      0.29         3
        39.today       0.00      0.00      0.00         2
           4.cow       0.50      1.00      0.67         3
     40.tommorow       0.33      0.50      0.40         2
      41.welcome       0.20      0.50      0.29         2
         42.work       0.00      0.00      0.00         3
    43.yesterday       0.00      0.00      0.00         2
        44.teeth       0.14      1.00      0.25         2
         45.hand       0.50      0.67      0.57         3
        46.write       0.00      0.00      0.00         3
     47.umberlla       0.75      1.00      0.86         3
         48.ring       0.00      0.00      0.00         3
           5.dog       1.00      0.33      0.50         3
        50.power       1.00      0.67      0.80         3
          6.fish       0.00      0.00      0.00         3
   7.goodmorning       0.00      0.00      0.00         3
          8.grey       0.00      0.00      0.00         2
         9.hello       0.00      0.00      0.00         3

        accuracy                           0.28       130
       macro avg       0.23      0.29      0.23       130
    weighted avg       0.24      0.28      0.24       130
